@testbgm 132000 ./some_sound_B.wav
#120
1470 0
1950 0
2050 2
2195 0
2598 1
3649 0
3949 2
4220 2
4641 0
4743 3
6297 3
6638 0
7320 3
7886 3
8193 0
8744 1
9298 0
10310 1
10632 3
11354 2
12678 2
12996 0
13406 0
13623 0
13722 1
13989 0
14293 2
14599 2
15642 3
15746 0
15847 1
16013 3
17020 3
17244 2
17602 3
17993 3
18265 3
18365 2
19093 1
20376 1
20626 3
21483 1
21873 1
22575 0
22675 1
22731 3
23279 1
24073 2
24147 1
24446 0
24669 1
24951 0
24976 2
25052 1
25327 1
26682 1
27224 2
27398 3
27479 3
27487 2
28282 3
28838 1
29037 2
29171 1
29629 1
29780 1
30217 2
30561 1
30706 3
30756 1
30935 2
32493 0
32617 3
32965 2
33038 3
34320 2
34745 3
35794 2
36214 0
36318 2
36758 3
36768 3
37145 2
37348 2
37584 1
37819 1
38216 1
38456 2
38464 2
39070 2
39381 1
39610 3
40008 1
40394 2
40607 3
40712 3
41791 0
42231 3
44511 3
44620 1
45421 0
45730 2
45876 0
46296 1
46981 1
47398 3
49578 2
49967 1
50312 2
50407 3
51055 1
51606 0
52728 1
52747 2
53094 3
53400 3
54348 0
55957 0
57359 3
57735 3
58394 3
58849 0
58979 1
58994 1
60168 1
60954 3
61128 1
62027 0
62121 2
62277 3
63206 1
64595 3
64750 3
64881 2
65386 3
65567 2
65950 2
66283 3
66552 0
66844 0
67532 2
68150 1
68586 0
69981 2
71292 2
71480 1
71614 3
72349 2
72421 2
73537 3
74212 2
74536 3
75132 3
75265 2
75532 2
77288 2
77301 0
78044 1
80957 1
81349 0
81865 1
82455 1
82899 1
83183 1
83812 0
84074 0
84620 0
85101 2
85427 2
85479 0
89635 1
89986 0
90788 0
90871 2
91438 2
91595 2
91623 0
91729 2
91949 0
91974 2
92144 0
94029 2
94481 1
95551 2
95743 0
95759 2
96137 3
98643 0
98982 2
99380 2
99432 3
99883 0
100206 2
101417 0
102287 2
102827 3
103309 0
103473 1
103612 1
104207 2
104958 3
105004 1
105223 2
105473 3
106360 0
106529 3
106660 2
106850 2
109248 1
109546 1
109590 0
110336 1
110628 1
110943 0
111392 2
112279 0
112342 2
112608 1
113105 0
113220 0
113522 2
113581 1
115184 3
116340 2
117042 2
117238 1
117623 3
118138 2
118274 1
118432 0
118554 2
118708 3
118777 3
119050 3
119112 2
119114 1
119216 0
119292 0
119894 2
119936 2
120098 3
120630 0
120723 3
121839 3
122066 1
122688 2
123605 3
123783 2
125512 1
125972 3
126037 2
126097 2
126513 1
126682 3
126791 3
127912 2
129412 3
130027 0
130308 0
130572 0
130593 2
130646 0
130657 2
130785 1
